 0.0596
0.6820
0.0424
0.0714
0.5216
0.0967
0.8181
0.8175
0.7224
0.1499
0.6596
0.5186
0.9730
0.6490
0.8003
0.4538
0.4324
0.8253
0.0835
0.1332
0.1734
0.3909
0.8314
0.8034
0.0605
0.3993
0.5269
0.4168
0.6569
0.6280
0.2920
0.4317
0.0155
0.9841
0.1672
0.1062
0.3724
0.1981
0.4897
0.3395
0.9516
0.9203
0.0527
0.7379
0.2691
0.4228
0.5479
0.9427
0.4177
0.9831
0.3015
0.7011
0.6663
0.5391
0.6981
0.6665
0.1781
0.1280
0.9991
0.1711
0.0326
0.5612
0.8819
0.6692
0.1904
0.3689
0.4607
0.9816
0.1564
0.8555
0.6448
0.3763
0.1909
0.4283
0.4820
0.1206
0.5895
0.2262
0.3846
0.5830
0.2518
0.2904
0.6171
0.2653
0.8244
0.9827
0.7302
0.3439
0.5841
0.1078
0.9063
0.8797
0.8178
0.2607
0.5944
0.0225
0.4253
0.3127
0.1615
0.1788
0.4229
0.0942
0.5985
0.4709
0.6959
0.6999
0.6385
0.0336
0.0688
0.3196
0.5309
0.6544
0.4076
0.8200
0.7184
0.9686
0.5313
0.3251
0.1056
0.6110
0.7788
0.4235
0.0908
0.2665
0.1537
0.2810
0.4401
0.5271
0.4574
0.8754
0.5181
0.9436
0.6377
0.9577
0.2407
0.6761
0.2891
0.6718
0.6951
0.0680
0.2548
0.2240
0.6678
0.8444
0.3445
0.7805
0.6753
0.0067
0.6022
0.3868
0.9160
0.0012
0.4624
0.4243
0.4609
0.7702
0.3225
0.7847
0.4714
0.0358
0.1759
0.7218
0.4735
0.1527
0.3411
0.6074
0.1917
0.7384
0.2428
0.9174
0.2691
0.7655
0.1887
0.2875
0.0911
0.5762
0.6834
0.5466
0.4257
0.6444
0.6476
0.6790
0.6358
0.9452
0.2089
0.7093
0.2362
0.1194
0.6073
0.4501
0.4587
0.6619
0.7703
0.3502
0.6620
0.4162
0.8419
0.8329
0.2564
0.6135
0.5822
0.5407
0.8699
0.2648
0.3181
0.1192
0.9398
0.6456
0.4795
0.6393
0.5447
0.6473
0.5439
0.7210
0.5225
0.9937
0.2187
0.1058
0.1097
0.0636
0.4046
0.4484
0.3658
0.7635
0.6279
0.7720
0.9329
0.9727
0.1920
0.1389
0.6963
0.0938
0.5254
0.5303
0.8611
0.4849
0.3935
0.6714
0.7413
0.5201
0.3477
0.1500
0.5861
0.2621
0.0445
0.7549
0.2428
0.4424
0.6878
0.3592
0.7363
0.3947
0.6834
0.7040
0.4423
0.0196
0.3309
0.4243
0.2703
0.1971
0.8217
0.4299
0.8878
0.3912
0.7691
0.3968
0.8085
0.7551
0.3774
0.2160
0.7904
0.9493
0.3276
0.6713
0.4386
0.8335
0.7689
0.1673
0.8620
0.9899
0.5144
0.8843
0.5880
0.1548
0.1999
0.4070
0.7487
0.8256
0.7900
0.3185
0.5341
0.0900
0.1117
0.1363
0.6787
0.4952
0.1897
0.4950
0.1476
0.0550
